{"backend": "CYCLES", "light_mode": "uniform", "fast_mode": false, "format_version": 6, "channels": ["R", "G", "B", "A", "D"], "scale": 0.5, "images": [{"intrinsic": [[711.1110599640117, 0.0, 256.0], [0.0, 711.1110599640117, 256.0], [0.0, 0.0, 1.0]], "pose": [[-0.8608624339103699, -0.3795045018196106, 0.3389574885368347, 0.6779149174690247], [0.5088377594947815, -0.6420537829399109, 0.5734554529190063, 1.1469107866287231], [1.093386803319163e-08, 0.666140615940094, 0.7458261847496033, 1.491652488708496], [0.0, 0.0, 0.0, 1.0]], "rgb": "00000_rgb.png", "depth": "00000_depth.png", "alpha": "00000_alpha.png", "max_depth": 5.0, "HW": [512, 512]}, {"intrinsic": [[711.1110599640117, 0.0, 256.0], [0.0, 711.1110599640117, 256.0], [0.0, 0.0, 1.0]], "pose": [[-0.7480717301368713, 0.21397116780281067, 0.6281759738922119, 1.2563519477844238], [0.6636179089546204, 0.24120187759399414, 0.70811927318573, 1.4162386655807495], [-1.1459798088253592e-07, 0.9465928077697754, -0.32243138551712036, -0.6448625326156616], [0.0, 0.0, 0.0, 1.0]], "rgb": "00001_rgb.png", "depth": "00001_depth.png", "alpha": "00001_alpha.png", "max_depth": 5.0, "HW": [512, 512]}, {"intrinsic": [[711.1110599640117, 0.0, 256.0], [0.0, 711.1110599640117, 256.0], [0.0, 0.0, 1.0]], "pose": [[-0.40644896030426025, 0.21719279885292053, 0.8874832391738892, 1.7749667167663574], [0.9136735200881958, 0.09661851078271866, 0.3947981894016266, 0.7895964980125427], [1.319303244429193e-08, 0.971335232257843, -0.2377137988805771, -0.47542744874954224], [0.0, 0.0, 0.0, 1.0]], "rgb": "00002_rgb.png", "depth": "00002_depth.png", "alpha": "00002_alpha.png", "max_depth": 5.0, "HW": [512, 512]}, {"intrinsic": [[711.1110599640117, 0.0, 256.0], [0.0, 711.1110599640117, 256.0], [0.0, 0.0, 1.0]], "pose": [[0.978074848651886, -0.061871565878391266, 0.19885051250457764, 0.3977009952068329], [0.20825372636318207, 0.29058313369750977, -0.9339120984077454, -1.8678241968154907], [3.7186076440320903e-09, 0.9548472762107849, 0.29709702730178833, 0.5941941738128662], [0.0, 0.0, 0.0, 1.0]], "rgb": "00003_rgb.png", "depth": "00003_depth.png", "alpha": "00003_alpha.png", "max_depth": 5.0, "HW": [512, 512]}, {"intrinsic": [[711.1110599640117, 0.0, 256.0], [0.0, 711.1110599640117, 256.0], [0.0, 0.0, 1.0]], "pose": [[0.5766993761062622, -0.3403897285461426, 0.7426659464836121, 1.4853318929672241], [0.8169564604759216, 0.24028508365154266, -0.5242568254470825, -1.048513650894165], [1.023385038934066e-07, 0.9090642929077148, 0.41665583848953247, 0.8333118557929993], [0.0, 0.0, 0.0, 1.0]], "rgb": "00004_rgb.png", "depth": "00004_depth.png", "alpha": "00004_alpha.png", "max_depth": 5.0, "HW": [512, 512]}, {"intrinsic": [[711.1110599640117, 0.0, 256.0], [0.0, 711.1110599640117, 256.0], [0.0, 0.0, 1.0]], "pose": [[-0.9739193916320801, -0.05074439197778702, -0.22114716470241547, -0.44229447841644287], [-0.22689437866210938, 0.21781432628631592, 0.9492501616477966, 1.8985003232955933], [-1.0106734293913178e-07, 0.9746701717376709, -0.22364720702171326, -0.4472945034503937], [0.0, 0.0, 0.0, 1.0]], "rgb": "00005_rgb.png", "depth": "00005_depth.png", "alpha": "00005_alpha.png", "max_depth": 5.0, "HW": [512, 512]}, {"intrinsic": [[711.1110599640117, 0.0, 256.0], [0.0, 711.1110599640117, 256.0], [0.0, 0.0, 1.0]], "pose": [[-0.9620823264122009, -0.22293180227279663, -0.157159224152565, -0.31431862711906433], [-0.27275925874710083, 0.7863295078277588, 0.55433589220047, 1.1086714267730713], [-1.5099580252808664e-07, 0.5761833786964417, -0.8173204660415649, -1.6346410512924194], [0.0, 0.0, 0.0, 1.0]], "rgb": "00006_rgb.png", "depth": "00006_depth.png", "alpha": "00006_alpha.png", "max_depth": 5.0, "HW": [512, 512]}, {"intrinsic": [[711.1110599640117, 0.0, 256.0], [0.0, 711.1110599640117, 256.0], [0.0, 0.0, 1.0]], "pose": [[0.7057539820671082, 0.6406635642051697, -0.3024260401725769, -0.6048521399497986], [-0.7084569931030273, 0.6382191777229309, -0.30127230286598206, -0.6025446057319641], [-9.42156006544792e-08, 0.42687997221946716, 0.9043083190917969, 1.8086165189743042], [0.0, 0.0, 0.0, 1.0]], "rgb": "00007_rgb.png", "depth": "00007_depth.png", "alpha": "00007_alpha.png", "max_depth": 5.0, "HW": [512, 512]}, {"intrinsic": [[711.1110599640117, 0.0, 256.0], [0.0, 711.1110599640117, 256.0], [0.0, 0.0, 1.0]], "pose": [[-0.5414379835128784, 0.679040789604187, -0.4957302212715149, -0.9914605021476746], [-0.8407406806945801, -0.4373030662536621, 0.3192509114742279, 0.6385014653205872], [4.3431032992202745e-08, 0.5896351337432861, 0.8076697587966919, 1.6153395175933838], [0.0, 0.0, 0.0, 1.0]], "rgb": "00008_rgb.png", "depth": "00008_depth.png", "alpha": "00008_alpha.png", "max_depth": 5.0, "HW": [512, 512]}, {"intrinsic": [[711.1110599640117, 0.0, 256.0], [0.0, 711.1110599640117, 256.0], [0.0, 0.0, 1.0]], "pose": [[-0.8948569297790527, 0.00832760613411665, -0.44627538323402405, -0.8925508856773376], [-0.44635307788848877, -0.016695519909262657, 0.8947011828422546, 1.7894022464752197], [-8.030797005176282e-08, 0.9998259544372559, 0.018657153472304344, 0.037314705550670624], [0.0, 0.0, 0.0, 1.0]], "rgb": "00009_rgb.png", "depth": "00009_depth.png", "alpha": "00009_alpha.png", "max_depth": 5.0, "HW": [512, 512]}, {"intrinsic": [[711.1110599640117, 0.0, 256.0], [0.0, 711.1110599640117, 256.0], [0.0, 0.0, 1.0]], "pose": [[-0.9093583226203918, -0.003224992426112294, -0.41600120067596436, -0.8320027589797974], [-0.4160137176513672, 0.007049350533634424, 0.9093310236930847, 1.8186618089675903], [-4.718290824712312e-08, 0.9999699592590332, -0.0077520268969237804, -0.015503879636526108], [0.0, 0.0, 0.0, 1.0]], "rgb": "00010_rgb.png", "depth": "00010_depth.png", "alpha": "00010_alpha.png", "max_depth": 5.0, "HW": [512, 512]}, {"intrinsic": [[711.1110599640117, 0.0, 256.0], [0.0, 711.1110599640117, 256.0], [0.0, 0.0, 1.0]], "pose": [[0.6759055852890015, 0.38064688444137573, 0.6310781240463257, 1.2621562480926514], [0.7369882464408875, -0.34909823536872864, -0.5787734985351562, -1.157546877861023], [-7.794912448844116e-08, 0.8562933802604675, -0.5164897441864014, -1.0329794883728027], [0.0, 0.0, 0.0, 1.0]], "rgb": "00011_rgb.png", "depth": "00011_depth.png", "alpha": "00011_alpha.png", "max_depth": 5.0, "HW": [512, 512]}, {"intrinsic": [[711.1110599640117, 0.0, 256.0], [0.0, 711.1110599640117, 256.0], [0.0, 0.0, 1.0]], "pose": [[-0.9656256437301636, -0.14446291327476501, 0.21609631180763245, 0.43219247460365295], [0.2599368095397949, -0.5366575121879578, 0.8027649521827698, 1.6055299043655396], [-4.916104145991085e-08, 0.8313418030738831, 0.555761456489563, 1.1115232706069946], [0.0, 0.0, 0.0, 1.0]], "rgb": "00012_rgb.png", "depth": "00012_depth.png", "alpha": "00012_alpha.png", "max_depth": 5.0, "HW": [512, 512]}, {"intrinsic": [[711.1110599640117, 0.0, 256.0], [0.0, 711.1110599640117, 256.0], [0.0, 0.0, 1.0]], "pose": [[-0.1274661421775818, -0.8988824486732483, -0.4192406237125397, -0.8384811282157898], [-0.9918429255485535, 0.11551928520202637, 0.05387867987155914, 0.10775674879550934], [-2.2323902726384404e-07, 0.4226885437965393, -0.9062750339508057, -1.8125499486923218], [0.0, 0.0, 0.0, 1.0]], "rgb": "00013_rgb.png", "depth": "00013_depth.png", "alpha": "00013_alpha.png", "max_depth": 5.0, "HW": [512, 512]}, {"intrinsic": [[711.1110599640117, 0.0, 256.0], [0.0, 711.1110599640117, 256.0], [0.0, 0.0, 1.0]], "pose": [[0.511931300163269, -0.07838042825460434, 0.8554430603981018, 1.710885763168335], [0.8590263724327087, 0.046710334718227386, -0.5097958445549011, -1.0195921659469604], [-1.3305941237717889e-08, 0.9958286285400391, 0.09124333411455154, 0.18248699605464935], [0.0, 0.0, 0.0, 1.0]], "rgb": "00014_rgb.png", "depth": "00014_depth.png", "alpha": "00014_alpha.png", "max_depth": 5.0, "HW": [512, 512]}, {"intrinsic": [[711.1110599640117, 0.0, 256.0], [0.0, 711.1110599640117, 256.0], [0.0, 0.0, 1.0]], "pose": [[-0.07465614378452301, 0.060780130326747894, -0.9953553080558777, -1.9907106161117554], [-0.9972093105316162, -0.004550328012555838, 0.07451734691858292, 0.1490345448255539], [-1.9099594794624863e-08, 0.998140811920166, 0.06095022335648537, 0.1219002902507782], [0.0, 0.0, 0.0, 1.0]], "rgb": "00015_rgb.png", "depth": "00015_depth.png", "alpha": "00015_alpha.png", "max_depth": 5.0, "HW": [512, 512]}, {"intrinsic": [[711.1110599640117, 0.0, 256.0], [0.0, 711.1110599640117, 256.0], [0.0, 0.0, 1.0]], "pose": [[-0.528538703918457, 0.4555477797985077, -0.716326117515564, -1.4326519966125488], [-0.8489091992378235, -0.2836282253265381, 0.44599124789237976, 0.8919824957847595], [2.322449077496458e-08, 0.8438194394111633, 0.5366271734237671, 1.0732547044754028], [0.0, 0.0, 0.0, 1.0]], "rgb": "00016_rgb.png", "depth": "00016_depth.png", "alpha": "00016_alpha.png", "max_depth": 5.0, "HW": [512, 512]}, {"intrinsic": [[711.1110599640117, 0.0, 256.0], [0.0, 711.1110599640117, 256.0], [0.0, 0.0, 1.0]], "pose": [[-0.2996782958507538, 0.45896780490875244, 0.83638596534729, 1.67277193069458], [0.9540402889251709, 0.14416854083538055, 0.26272135972976685, 0.5254423022270203], [1.0465151945027173e-07, 0.8766778111457825, -0.48107796907424927, -0.9621561169624329], [0.0, 0.0, 0.0, 1.0]], "rgb": "00017_rgb.png", "depth": "00017_depth.png", "alpha": "00017_alpha.png", "max_depth": 5.0, "HW": [512, 512]}, {"intrinsic": [[711.1110599640117, 0.0, 256.0], [0.0, 711.1110599640117, 256.0], [0.0, 0.0, 1.0]], "pose": [[0.7667519450187683, 0.2603268325328827, 0.586789071559906, 1.1735780239105225], [0.6419435143470764, -0.31094038486480713, -0.7008742094039917, -1.4017486572265625], [5.4474757149591824e-08, 0.9140820503234863, -0.405529260635376, -0.8110584020614624], [0.0, 0.0, 0.0, 1.0]], "rgb": "00018_rgb.png", "depth": "00018_depth.png", "alpha": "00018_alpha.png", "max_depth": 5.0, "HW": [512, 512]}, {"intrinsic": [[711.1110599640117, 0.0, 256.0], [0.0, 711.1110599640117, 256.0], [0.0, 0.0, 1.0]], "pose": [[-0.1306920349597931, 0.3311516046524048, 0.9344828724861145, 1.8689656257629395], [0.9914230108261108, 0.04365325719118118, 0.12318603694438934, 0.2463718056678772], [3.167408380022607e-08, 0.9425672292709351, -0.33401644229888916, -0.6680330634117126], [0.0, 0.0, 0.0, 1.0]], "rgb": "00019_rgb.png", "depth": "00019_depth.png", "alpha": "00019_alpha.png", "max_depth": 5.0, "HW": [512, 512]}], "bbox": [[-0.40482908487319946, -0.4906890392303467, -0.5], [0.40482908487319946, 0.4906890392303467, 0.5]]}